{
 "cells": [
  {
   "cell_type": "code",
   "execution_count": 2,
   "metadata": {},
   "outputs": [],
   "source": [
    "import numpy as np\n",
    "import pandas as pd\n",
    "import seaborn as sn\n",
    "import matplotlib.pyplot as plt\n",
    "import statsmodels.api as sns\n",
    "from sklearn.linear_model import LinearRegression"
   ]
  },
  {
   "cell_type": "code",
   "execution_count": 3,
   "metadata": {},
   "outputs": [],
   "source": [
    "data =pd.read_csv(('/Users/dikshantthapa/PycharmProjects/pythonProject/ML_Contents/Data Files/day1/House_Price.csv'))\n"
   ]
  },
  {
   "cell_type": "code",
   "execution_count": 4,
   "metadata": {},
   "outputs": [
    {
     "data": {
      "text/html": [
       "<div>\n",
       "<style scoped>\n",
       "    .dataframe tbody tr th:only-of-type {\n",
       "        vertical-align: middle;\n",
       "    }\n",
       "\n",
       "    .dataframe tbody tr th {\n",
       "        vertical-align: top;\n",
       "    }\n",
       "\n",
       "    .dataframe thead th {\n",
       "        text-align: right;\n",
       "    }\n",
       "</style>\n",
       "<table border=\"1\" class=\"dataframe\">\n",
       "  <thead>\n",
       "    <tr style=\"text-align: right;\">\n",
       "      <th></th>\n",
       "      <th>price</th>\n",
       "      <th>crime_rate</th>\n",
       "      <th>resid_area</th>\n",
       "      <th>air_qual</th>\n",
       "      <th>room_num</th>\n",
       "      <th>age</th>\n",
       "      <th>dist1</th>\n",
       "      <th>dist2</th>\n",
       "      <th>dist3</th>\n",
       "      <th>dist4</th>\n",
       "      <th>teachers</th>\n",
       "      <th>poor_prop</th>\n",
       "      <th>airport</th>\n",
       "      <th>n_hos_beds</th>\n",
       "      <th>n_hot_rooms</th>\n",
       "      <th>waterbody</th>\n",
       "      <th>rainfall</th>\n",
       "      <th>bus_ter</th>\n",
       "      <th>parks</th>\n",
       "    </tr>\n",
       "  </thead>\n",
       "  <tbody>\n",
       "    <tr>\n",
       "      <th>0</th>\n",
       "      <td>24.0</td>\n",
       "      <td>0.00632</td>\n",
       "      <td>32.31</td>\n",
       "      <td>0.538</td>\n",
       "      <td>6.575</td>\n",
       "      <td>65.2</td>\n",
       "      <td>4.35</td>\n",
       "      <td>3.81</td>\n",
       "      <td>4.18</td>\n",
       "      <td>4.01</td>\n",
       "      <td>24.7</td>\n",
       "      <td>4.98</td>\n",
       "      <td>YES</td>\n",
       "      <td>5.480</td>\n",
       "      <td>11.1920</td>\n",
       "      <td>River</td>\n",
       "      <td>23</td>\n",
       "      <td>YES</td>\n",
       "      <td>0.049347</td>\n",
       "    </tr>\n",
       "    <tr>\n",
       "      <th>1</th>\n",
       "      <td>21.6</td>\n",
       "      <td>0.02731</td>\n",
       "      <td>37.07</td>\n",
       "      <td>0.469</td>\n",
       "      <td>6.421</td>\n",
       "      <td>78.9</td>\n",
       "      <td>4.99</td>\n",
       "      <td>4.70</td>\n",
       "      <td>5.12</td>\n",
       "      <td>5.06</td>\n",
       "      <td>22.2</td>\n",
       "      <td>9.14</td>\n",
       "      <td>NO</td>\n",
       "      <td>7.332</td>\n",
       "      <td>12.1728</td>\n",
       "      <td>Lake</td>\n",
       "      <td>42</td>\n",
       "      <td>YES</td>\n",
       "      <td>0.046146</td>\n",
       "    </tr>\n",
       "    <tr>\n",
       "      <th>2</th>\n",
       "      <td>34.7</td>\n",
       "      <td>0.02729</td>\n",
       "      <td>37.07</td>\n",
       "      <td>0.469</td>\n",
       "      <td>7.185</td>\n",
       "      <td>61.1</td>\n",
       "      <td>5.03</td>\n",
       "      <td>4.86</td>\n",
       "      <td>5.01</td>\n",
       "      <td>4.97</td>\n",
       "      <td>22.2</td>\n",
       "      <td>4.03</td>\n",
       "      <td>NO</td>\n",
       "      <td>7.394</td>\n",
       "      <td>101.1200</td>\n",
       "      <td>None</td>\n",
       "      <td>38</td>\n",
       "      <td>YES</td>\n",
       "      <td>0.045764</td>\n",
       "    </tr>\n",
       "    <tr>\n",
       "      <th>3</th>\n",
       "      <td>33.4</td>\n",
       "      <td>0.03237</td>\n",
       "      <td>32.18</td>\n",
       "      <td>0.458</td>\n",
       "      <td>6.998</td>\n",
       "      <td>45.8</td>\n",
       "      <td>6.21</td>\n",
       "      <td>5.93</td>\n",
       "      <td>6.16</td>\n",
       "      <td>5.96</td>\n",
       "      <td>21.3</td>\n",
       "      <td>2.94</td>\n",
       "      <td>YES</td>\n",
       "      <td>9.268</td>\n",
       "      <td>11.2672</td>\n",
       "      <td>Lake</td>\n",
       "      <td>45</td>\n",
       "      <td>YES</td>\n",
       "      <td>0.047151</td>\n",
       "    </tr>\n",
       "    <tr>\n",
       "      <th>4</th>\n",
       "      <td>36.2</td>\n",
       "      <td>0.06905</td>\n",
       "      <td>32.18</td>\n",
       "      <td>0.458</td>\n",
       "      <td>7.147</td>\n",
       "      <td>54.2</td>\n",
       "      <td>6.16</td>\n",
       "      <td>5.86</td>\n",
       "      <td>6.37</td>\n",
       "      <td>5.86</td>\n",
       "      <td>21.3</td>\n",
       "      <td>5.33</td>\n",
       "      <td>NO</td>\n",
       "      <td>8.824</td>\n",
       "      <td>11.2896</td>\n",
       "      <td>Lake</td>\n",
       "      <td>55</td>\n",
       "      <td>YES</td>\n",
       "      <td>0.039474</td>\n",
       "    </tr>\n",
       "  </tbody>\n",
       "</table>\n",
       "</div>"
      ],
      "text/plain": [
       "   price  crime_rate  resid_area  air_qual  room_num   age  dist1  dist2  \\\n",
       "0   24.0     0.00632       32.31     0.538     6.575  65.2   4.35   3.81   \n",
       "1   21.6     0.02731       37.07     0.469     6.421  78.9   4.99   4.70   \n",
       "2   34.7     0.02729       37.07     0.469     7.185  61.1   5.03   4.86   \n",
       "3   33.4     0.03237       32.18     0.458     6.998  45.8   6.21   5.93   \n",
       "4   36.2     0.06905       32.18     0.458     7.147  54.2   6.16   5.86   \n",
       "\n",
       "   dist3  dist4  teachers  poor_prop airport  n_hos_beds  n_hot_rooms  \\\n",
       "0   4.18   4.01      24.7       4.98     YES       5.480      11.1920   \n",
       "1   5.12   5.06      22.2       9.14      NO       7.332      12.1728   \n",
       "2   5.01   4.97      22.2       4.03      NO       7.394     101.1200   \n",
       "3   6.16   5.96      21.3       2.94     YES       9.268      11.2672   \n",
       "4   6.37   5.86      21.3       5.33      NO       8.824      11.2896   \n",
       "\n",
       "  waterbody  rainfall bus_ter     parks  \n",
       "0     River        23     YES  0.049347  \n",
       "1      Lake        42     YES  0.046146  \n",
       "2      None        38     YES  0.045764  \n",
       "3      Lake        45     YES  0.047151  \n",
       "4      Lake        55     YES  0.039474  "
      ]
     },
     "execution_count": 4,
     "metadata": {},
     "output_type": "execute_result"
    }
   ],
   "source": [
    "data.head()"
   ]
  },
  {
   "cell_type": "code",
   "execution_count": 5,
   "metadata": {},
   "outputs": [
    {
     "name": "stderr",
     "output_type": "stream",
     "text": [
      "/var/folders/j0/kx0rsn7x28l84ccbn6ndhx5c0000gn/T/ipykernel_60446/2627137660.py:1: FutureWarning: The default value of numeric_only in DataFrame.corr is deprecated. In a future version, it will default to False. Select only valid columns or specify the value of numeric_only to silence this warning.\n",
      "  data.corr()\n"
     ]
    },
    {
     "data": {
      "text/html": [
       "<div>\n",
       "<style scoped>\n",
       "    .dataframe tbody tr th:only-of-type {\n",
       "        vertical-align: middle;\n",
       "    }\n",
       "\n",
       "    .dataframe tbody tr th {\n",
       "        vertical-align: top;\n",
       "    }\n",
       "\n",
       "    .dataframe thead th {\n",
       "        text-align: right;\n",
       "    }\n",
       "</style>\n",
       "<table border=\"1\" class=\"dataframe\">\n",
       "  <thead>\n",
       "    <tr style=\"text-align: right;\">\n",
       "      <th></th>\n",
       "      <th>price</th>\n",
       "      <th>crime_rate</th>\n",
       "      <th>resid_area</th>\n",
       "      <th>air_qual</th>\n",
       "      <th>room_num</th>\n",
       "      <th>age</th>\n",
       "      <th>dist1</th>\n",
       "      <th>dist2</th>\n",
       "      <th>dist3</th>\n",
       "      <th>dist4</th>\n",
       "      <th>teachers</th>\n",
       "      <th>poor_prop</th>\n",
       "      <th>n_hos_beds</th>\n",
       "      <th>n_hot_rooms</th>\n",
       "      <th>rainfall</th>\n",
       "      <th>parks</th>\n",
       "    </tr>\n",
       "  </thead>\n",
       "  <tbody>\n",
       "    <tr>\n",
       "      <th>price</th>\n",
       "      <td>1.000000</td>\n",
       "      <td>-0.389582</td>\n",
       "      <td>-0.484754</td>\n",
       "      <td>-0.429300</td>\n",
       "      <td>0.696304</td>\n",
       "      <td>-0.377999</td>\n",
       "      <td>0.251355</td>\n",
       "      <td>0.249459</td>\n",
       "      <td>0.246650</td>\n",
       "      <td>0.248200</td>\n",
       "      <td>0.505655</td>\n",
       "      <td>-0.740836</td>\n",
       "      <td>0.109646</td>\n",
       "      <td>0.023122</td>\n",
       "      <td>-0.047426</td>\n",
       "      <td>-0.391574</td>\n",
       "    </tr>\n",
       "    <tr>\n",
       "      <th>crime_rate</th>\n",
       "      <td>-0.389582</td>\n",
       "      <td>1.000000</td>\n",
       "      <td>0.406583</td>\n",
       "      <td>0.420972</td>\n",
       "      <td>-0.219247</td>\n",
       "      <td>0.352734</td>\n",
       "      <td>-0.380050</td>\n",
       "      <td>-0.379813</td>\n",
       "      <td>-0.380069</td>\n",
       "      <td>-0.376462</td>\n",
       "      <td>-0.289946</td>\n",
       "      <td>0.455621</td>\n",
       "      <td>0.017502</td>\n",
       "      <td>0.013518</td>\n",
       "      <td>0.059204</td>\n",
       "      <td>0.383235</td>\n",
       "    </tr>\n",
       "    <tr>\n",
       "      <th>resid_area</th>\n",
       "      <td>-0.484754</td>\n",
       "      <td>0.406583</td>\n",
       "      <td>1.000000</td>\n",
       "      <td>0.763651</td>\n",
       "      <td>-0.391676</td>\n",
       "      <td>0.644779</td>\n",
       "      <td>-0.706481</td>\n",
       "      <td>-0.707956</td>\n",
       "      <td>-0.707566</td>\n",
       "      <td>-0.705819</td>\n",
       "      <td>-0.383248</td>\n",
       "      <td>0.603800</td>\n",
       "      <td>0.005827</td>\n",
       "      <td>-0.000839</td>\n",
       "      <td>0.055810</td>\n",
       "      <td>0.707635</td>\n",
       "    </tr>\n",
       "    <tr>\n",
       "      <th>air_qual</th>\n",
       "      <td>-0.429300</td>\n",
       "      <td>0.420972</td>\n",
       "      <td>0.763651</td>\n",
       "      <td>1.000000</td>\n",
       "      <td>-0.302188</td>\n",
       "      <td>0.731470</td>\n",
       "      <td>-0.768589</td>\n",
       "      <td>-0.769724</td>\n",
       "      <td>-0.769157</td>\n",
       "      <td>-0.764873</td>\n",
       "      <td>-0.188933</td>\n",
       "      <td>0.590879</td>\n",
       "      <td>-0.049954</td>\n",
       "      <td>-0.004882</td>\n",
       "      <td>0.092104</td>\n",
       "      <td>0.915544</td>\n",
       "    </tr>\n",
       "    <tr>\n",
       "      <th>room_num</th>\n",
       "      <td>0.696304</td>\n",
       "      <td>-0.219247</td>\n",
       "      <td>-0.391676</td>\n",
       "      <td>-0.302188</td>\n",
       "      <td>1.000000</td>\n",
       "      <td>-0.240265</td>\n",
       "      <td>0.208464</td>\n",
       "      <td>0.203981</td>\n",
       "      <td>0.201907</td>\n",
       "      <td>0.205397</td>\n",
       "      <td>0.355501</td>\n",
       "      <td>-0.613808</td>\n",
       "      <td>0.032207</td>\n",
       "      <td>0.030674</td>\n",
       "      <td>-0.064694</td>\n",
       "      <td>-0.282817</td>\n",
       "    </tr>\n",
       "    <tr>\n",
       "      <th>age</th>\n",
       "      <td>-0.377999</td>\n",
       "      <td>0.352734</td>\n",
       "      <td>0.644779</td>\n",
       "      <td>0.731470</td>\n",
       "      <td>-0.240265</td>\n",
       "      <td>1.000000</td>\n",
       "      <td>-0.746904</td>\n",
       "      <td>-0.746493</td>\n",
       "      <td>-0.747021</td>\n",
       "      <td>-0.746707</td>\n",
       "      <td>-0.261515</td>\n",
       "      <td>0.602339</td>\n",
       "      <td>-0.021102</td>\n",
       "      <td>0.009380</td>\n",
       "      <td>0.075198</td>\n",
       "      <td>0.673850</td>\n",
       "    </tr>\n",
       "    <tr>\n",
       "      <th>dist1</th>\n",
       "      <td>0.251355</td>\n",
       "      <td>-0.380050</td>\n",
       "      <td>-0.706481</td>\n",
       "      <td>-0.768589</td>\n",
       "      <td>0.208464</td>\n",
       "      <td>-0.746904</td>\n",
       "      <td>1.000000</td>\n",
       "      <td>0.997905</td>\n",
       "      <td>0.997735</td>\n",
       "      <td>0.994073</td>\n",
       "      <td>0.232834</td>\n",
       "      <td>-0.498823</td>\n",
       "      <td>-0.030550</td>\n",
       "      <td>-0.014463</td>\n",
       "      <td>-0.036794</td>\n",
       "      <td>-0.706319</td>\n",
       "    </tr>\n",
       "    <tr>\n",
       "      <th>dist2</th>\n",
       "      <td>0.249459</td>\n",
       "      <td>-0.379813</td>\n",
       "      <td>-0.707956</td>\n",
       "      <td>-0.769724</td>\n",
       "      <td>0.203981</td>\n",
       "      <td>-0.746493</td>\n",
       "      <td>0.997905</td>\n",
       "      <td>1.000000</td>\n",
       "      <td>0.998097</td>\n",
       "      <td>0.994003</td>\n",
       "      <td>0.233707</td>\n",
       "      <td>-0.495693</td>\n",
       "      <td>-0.031248</td>\n",
       "      <td>-0.010239</td>\n",
       "      <td>-0.038005</td>\n",
       "      <td>-0.708237</td>\n",
       "    </tr>\n",
       "    <tr>\n",
       "      <th>dist3</th>\n",
       "      <td>0.246650</td>\n",
       "      <td>-0.380069</td>\n",
       "      <td>-0.707566</td>\n",
       "      <td>-0.769157</td>\n",
       "      <td>0.201907</td>\n",
       "      <td>-0.747021</td>\n",
       "      <td>0.997735</td>\n",
       "      <td>0.998097</td>\n",
       "      <td>1.000000</td>\n",
       "      <td>0.994126</td>\n",
       "      <td>0.233588</td>\n",
       "      <td>-0.494290</td>\n",
       "      <td>-0.028471</td>\n",
       "      <td>-0.010077</td>\n",
       "      <td>-0.041470</td>\n",
       "      <td>-0.709346</td>\n",
       "    </tr>\n",
       "    <tr>\n",
       "      <th>dist4</th>\n",
       "      <td>0.248200</td>\n",
       "      <td>-0.376462</td>\n",
       "      <td>-0.705819</td>\n",
       "      <td>-0.764873</td>\n",
       "      <td>0.205397</td>\n",
       "      <td>-0.746707</td>\n",
       "      <td>0.994073</td>\n",
       "      <td>0.994003</td>\n",
       "      <td>0.994126</td>\n",
       "      <td>1.000000</td>\n",
       "      <td>0.228256</td>\n",
       "      <td>-0.496084</td>\n",
       "      <td>-0.021648</td>\n",
       "      <td>-0.005850</td>\n",
       "      <td>-0.032542</td>\n",
       "      <td>-0.703508</td>\n",
       "    </tr>\n",
       "    <tr>\n",
       "      <th>teachers</th>\n",
       "      <td>0.505655</td>\n",
       "      <td>-0.289946</td>\n",
       "      <td>-0.383248</td>\n",
       "      <td>-0.188933</td>\n",
       "      <td>0.355501</td>\n",
       "      <td>-0.261515</td>\n",
       "      <td>0.232834</td>\n",
       "      <td>0.233707</td>\n",
       "      <td>0.233588</td>\n",
       "      <td>0.228256</td>\n",
       "      <td>1.000000</td>\n",
       "      <td>-0.374044</td>\n",
       "      <td>-0.008130</td>\n",
       "      <td>-0.023343</td>\n",
       "      <td>-0.045836</td>\n",
       "      <td>-0.187004</td>\n",
       "    </tr>\n",
       "    <tr>\n",
       "      <th>poor_prop</th>\n",
       "      <td>-0.740836</td>\n",
       "      <td>0.455621</td>\n",
       "      <td>0.603800</td>\n",
       "      <td>0.590879</td>\n",
       "      <td>-0.613808</td>\n",
       "      <td>0.602339</td>\n",
       "      <td>-0.498823</td>\n",
       "      <td>-0.495693</td>\n",
       "      <td>-0.494290</td>\n",
       "      <td>-0.496084</td>\n",
       "      <td>-0.374044</td>\n",
       "      <td>1.000000</td>\n",
       "      <td>-0.066434</td>\n",
       "      <td>0.003337</td>\n",
       "      <td>0.061581</td>\n",
       "      <td>0.552310</td>\n",
       "    </tr>\n",
       "    <tr>\n",
       "      <th>n_hos_beds</th>\n",
       "      <td>0.109646</td>\n",
       "      <td>0.017502</td>\n",
       "      <td>0.005827</td>\n",
       "      <td>-0.049954</td>\n",
       "      <td>0.032207</td>\n",
       "      <td>-0.021102</td>\n",
       "      <td>-0.030550</td>\n",
       "      <td>-0.031248</td>\n",
       "      <td>-0.028471</td>\n",
       "      <td>-0.021648</td>\n",
       "      <td>-0.008130</td>\n",
       "      <td>-0.066434</td>\n",
       "      <td>1.000000</td>\n",
       "      <td>-0.005461</td>\n",
       "      <td>0.058997</td>\n",
       "      <td>-0.072002</td>\n",
       "    </tr>\n",
       "    <tr>\n",
       "      <th>n_hot_rooms</th>\n",
       "      <td>0.023122</td>\n",
       "      <td>0.013518</td>\n",
       "      <td>-0.000839</td>\n",
       "      <td>-0.004882</td>\n",
       "      <td>0.030674</td>\n",
       "      <td>0.009380</td>\n",
       "      <td>-0.014463</td>\n",
       "      <td>-0.010239</td>\n",
       "      <td>-0.010077</td>\n",
       "      <td>-0.005850</td>\n",
       "      <td>-0.023343</td>\n",
       "      <td>0.003337</td>\n",
       "      <td>-0.005461</td>\n",
       "      <td>1.000000</td>\n",
       "      <td>-0.004840</td>\n",
       "      <td>0.006262</td>\n",
       "    </tr>\n",
       "    <tr>\n",
       "      <th>rainfall</th>\n",
       "      <td>-0.047426</td>\n",
       "      <td>0.059204</td>\n",
       "      <td>0.055810</td>\n",
       "      <td>0.092104</td>\n",
       "      <td>-0.064694</td>\n",
       "      <td>0.075198</td>\n",
       "      <td>-0.036794</td>\n",
       "      <td>-0.038005</td>\n",
       "      <td>-0.041470</td>\n",
       "      <td>-0.032542</td>\n",
       "      <td>-0.045836</td>\n",
       "      <td>0.061581</td>\n",
       "      <td>0.058997</td>\n",
       "      <td>-0.004840</td>\n",
       "      <td>1.000000</td>\n",
       "      <td>0.078641</td>\n",
       "    </tr>\n",
       "    <tr>\n",
       "      <th>parks</th>\n",
       "      <td>-0.391574</td>\n",
       "      <td>0.383235</td>\n",
       "      <td>0.707635</td>\n",
       "      <td>0.915544</td>\n",
       "      <td>-0.282817</td>\n",
       "      <td>0.673850</td>\n",
       "      <td>-0.706319</td>\n",
       "      <td>-0.708237</td>\n",
       "      <td>-0.709346</td>\n",
       "      <td>-0.703508</td>\n",
       "      <td>-0.187004</td>\n",
       "      <td>0.552310</td>\n",
       "      <td>-0.072002</td>\n",
       "      <td>0.006262</td>\n",
       "      <td>0.078641</td>\n",
       "      <td>1.000000</td>\n",
       "    </tr>\n",
       "  </tbody>\n",
       "</table>\n",
       "</div>"
      ],
      "text/plain": [
       "                price  crime_rate  resid_area  air_qual  room_num       age  \\\n",
       "price        1.000000   -0.389582   -0.484754 -0.429300  0.696304 -0.377999   \n",
       "crime_rate  -0.389582    1.000000    0.406583  0.420972 -0.219247  0.352734   \n",
       "resid_area  -0.484754    0.406583    1.000000  0.763651 -0.391676  0.644779   \n",
       "air_qual    -0.429300    0.420972    0.763651  1.000000 -0.302188  0.731470   \n",
       "room_num     0.696304   -0.219247   -0.391676 -0.302188  1.000000 -0.240265   \n",
       "age         -0.377999    0.352734    0.644779  0.731470 -0.240265  1.000000   \n",
       "dist1        0.251355   -0.380050   -0.706481 -0.768589  0.208464 -0.746904   \n",
       "dist2        0.249459   -0.379813   -0.707956 -0.769724  0.203981 -0.746493   \n",
       "dist3        0.246650   -0.380069   -0.707566 -0.769157  0.201907 -0.747021   \n",
       "dist4        0.248200   -0.376462   -0.705819 -0.764873  0.205397 -0.746707   \n",
       "teachers     0.505655   -0.289946   -0.383248 -0.188933  0.355501 -0.261515   \n",
       "poor_prop   -0.740836    0.455621    0.603800  0.590879 -0.613808  0.602339   \n",
       "n_hos_beds   0.109646    0.017502    0.005827 -0.049954  0.032207 -0.021102   \n",
       "n_hot_rooms  0.023122    0.013518   -0.000839 -0.004882  0.030674  0.009380   \n",
       "rainfall    -0.047426    0.059204    0.055810  0.092104 -0.064694  0.075198   \n",
       "parks       -0.391574    0.383235    0.707635  0.915544 -0.282817  0.673850   \n",
       "\n",
       "                dist1     dist2     dist3     dist4  teachers  poor_prop  \\\n",
       "price        0.251355  0.249459  0.246650  0.248200  0.505655  -0.740836   \n",
       "crime_rate  -0.380050 -0.379813 -0.380069 -0.376462 -0.289946   0.455621   \n",
       "resid_area  -0.706481 -0.707956 -0.707566 -0.705819 -0.383248   0.603800   \n",
       "air_qual    -0.768589 -0.769724 -0.769157 -0.764873 -0.188933   0.590879   \n",
       "room_num     0.208464  0.203981  0.201907  0.205397  0.355501  -0.613808   \n",
       "age         -0.746904 -0.746493 -0.747021 -0.746707 -0.261515   0.602339   \n",
       "dist1        1.000000  0.997905  0.997735  0.994073  0.232834  -0.498823   \n",
       "dist2        0.997905  1.000000  0.998097  0.994003  0.233707  -0.495693   \n",
       "dist3        0.997735  0.998097  1.000000  0.994126  0.233588  -0.494290   \n",
       "dist4        0.994073  0.994003  0.994126  1.000000  0.228256  -0.496084   \n",
       "teachers     0.232834  0.233707  0.233588  0.228256  1.000000  -0.374044   \n",
       "poor_prop   -0.498823 -0.495693 -0.494290 -0.496084 -0.374044   1.000000   \n",
       "n_hos_beds  -0.030550 -0.031248 -0.028471 -0.021648 -0.008130  -0.066434   \n",
       "n_hot_rooms -0.014463 -0.010239 -0.010077 -0.005850 -0.023343   0.003337   \n",
       "rainfall    -0.036794 -0.038005 -0.041470 -0.032542 -0.045836   0.061581   \n",
       "parks       -0.706319 -0.708237 -0.709346 -0.703508 -0.187004   0.552310   \n",
       "\n",
       "             n_hos_beds  n_hot_rooms  rainfall     parks  \n",
       "price          0.109646     0.023122 -0.047426 -0.391574  \n",
       "crime_rate     0.017502     0.013518  0.059204  0.383235  \n",
       "resid_area     0.005827    -0.000839  0.055810  0.707635  \n",
       "air_qual      -0.049954    -0.004882  0.092104  0.915544  \n",
       "room_num       0.032207     0.030674 -0.064694 -0.282817  \n",
       "age           -0.021102     0.009380  0.075198  0.673850  \n",
       "dist1         -0.030550    -0.014463 -0.036794 -0.706319  \n",
       "dist2         -0.031248    -0.010239 -0.038005 -0.708237  \n",
       "dist3         -0.028471    -0.010077 -0.041470 -0.709346  \n",
       "dist4         -0.021648    -0.005850 -0.032542 -0.703508  \n",
       "teachers      -0.008130    -0.023343 -0.045836 -0.187004  \n",
       "poor_prop     -0.066434     0.003337  0.061581  0.552310  \n",
       "n_hos_beds     1.000000    -0.005461  0.058997 -0.072002  \n",
       "n_hot_rooms   -0.005461     1.000000 -0.004840  0.006262  \n",
       "rainfall       0.058997    -0.004840  1.000000  0.078641  \n",
       "parks         -0.072002     0.006262  0.078641  1.000000  "
      ]
     },
     "execution_count": 5,
     "metadata": {},
     "output_type": "execute_result"
    }
   ],
   "source": [
    "data.corr()"
   ]
  },
  {
   "cell_type": "code",
   "execution_count": 15,
   "metadata": {},
   "outputs": [
    {
     "name": "stderr",
     "output_type": "stream",
     "text": [
      "/var/folders/j0/kx0rsn7x28l84ccbn6ndhx5c0000gn/T/ipykernel_60446/2490576204.py:1: FutureWarning: The default value of numeric_only in DataFrame.mean is deprecated. In a future version, it will default to False. In addition, specifying 'numeric_only=None' is deprecated. Select only valid columns or specify the value of numeric_only to silence this warning.\n",
      "  data=data.fillna(data.mean())\n"
     ]
    }
   ],
   "source": [
    "data=data.fillna(data.mean())"
   ]
  },
  {
   "cell_type": "code",
   "execution_count": 16,
   "metadata": {},
   "outputs": [],
   "source": [
    "data['n_hos_beds']= data.n_hos_beds.fillna(data['n_hos_beds'].mean())"
   ]
  },
  {
   "cell_type": "code",
   "execution_count": 17,
   "metadata": {},
   "outputs": [
    {
     "data": {
      "text/html": [
       "<div>\n",
       "<style scoped>\n",
       "    .dataframe tbody tr th:only-of-type {\n",
       "        vertical-align: middle;\n",
       "    }\n",
       "\n",
       "    .dataframe tbody tr th {\n",
       "        vertical-align: top;\n",
       "    }\n",
       "\n",
       "    .dataframe thead th {\n",
       "        text-align: right;\n",
       "    }\n",
       "</style>\n",
       "<table border=\"1\" class=\"dataframe\">\n",
       "  <thead>\n",
       "    <tr style=\"text-align: right;\">\n",
       "      <th></th>\n",
       "      <th>price</th>\n",
       "      <th>crime_rate</th>\n",
       "      <th>resid_area</th>\n",
       "      <th>air_qual</th>\n",
       "      <th>room_num</th>\n",
       "      <th>age</th>\n",
       "      <th>dist1</th>\n",
       "      <th>dist2</th>\n",
       "      <th>dist3</th>\n",
       "      <th>dist4</th>\n",
       "      <th>teachers</th>\n",
       "      <th>poor_prop</th>\n",
       "      <th>n_hos_beds</th>\n",
       "      <th>n_hot_rooms</th>\n",
       "      <th>rainfall</th>\n",
       "      <th>parks</th>\n",
       "    </tr>\n",
       "  </thead>\n",
       "  <tbody>\n",
       "    <tr>\n",
       "      <th>count</th>\n",
       "      <td>506.000000</td>\n",
       "      <td>506.000000</td>\n",
       "      <td>506.000000</td>\n",
       "      <td>506.000000</td>\n",
       "      <td>506.000000</td>\n",
       "      <td>506.000000</td>\n",
       "      <td>506.000000</td>\n",
       "      <td>506.000000</td>\n",
       "      <td>506.000000</td>\n",
       "      <td>506.000000</td>\n",
       "      <td>506.000000</td>\n",
       "      <td>506.000000</td>\n",
       "      <td>506.000000</td>\n",
       "      <td>506.000000</td>\n",
       "      <td>506.000000</td>\n",
       "      <td>506.000000</td>\n",
       "    </tr>\n",
       "    <tr>\n",
       "      <th>mean</th>\n",
       "      <td>22.528854</td>\n",
       "      <td>3.613524</td>\n",
       "      <td>41.136779</td>\n",
       "      <td>0.554695</td>\n",
       "      <td>6.284634</td>\n",
       "      <td>68.574901</td>\n",
       "      <td>3.971996</td>\n",
       "      <td>3.628775</td>\n",
       "      <td>3.960672</td>\n",
       "      <td>3.618972</td>\n",
       "      <td>21.544466</td>\n",
       "      <td>12.653063</td>\n",
       "      <td>7.899767</td>\n",
       "      <td>13.041605</td>\n",
       "      <td>39.181818</td>\n",
       "      <td>0.054454</td>\n",
       "    </tr>\n",
       "    <tr>\n",
       "      <th>std</th>\n",
       "      <td>9.182176</td>\n",
       "      <td>8.601545</td>\n",
       "      <td>6.860353</td>\n",
       "      <td>0.115878</td>\n",
       "      <td>0.702617</td>\n",
       "      <td>28.148861</td>\n",
       "      <td>2.108532</td>\n",
       "      <td>2.108580</td>\n",
       "      <td>2.119797</td>\n",
       "      <td>2.099203</td>\n",
       "      <td>2.164946</td>\n",
       "      <td>7.141062</td>\n",
       "      <td>1.464939</td>\n",
       "      <td>5.238957</td>\n",
       "      <td>12.513697</td>\n",
       "      <td>0.010632</td>\n",
       "    </tr>\n",
       "    <tr>\n",
       "      <th>min</th>\n",
       "      <td>5.000000</td>\n",
       "      <td>0.006320</td>\n",
       "      <td>30.460000</td>\n",
       "      <td>0.385000</td>\n",
       "      <td>3.561000</td>\n",
       "      <td>2.900000</td>\n",
       "      <td>1.130000</td>\n",
       "      <td>0.920000</td>\n",
       "      <td>1.150000</td>\n",
       "      <td>0.730000</td>\n",
       "      <td>18.000000</td>\n",
       "      <td>1.730000</td>\n",
       "      <td>5.268000</td>\n",
       "      <td>10.057600</td>\n",
       "      <td>3.000000</td>\n",
       "      <td>0.033292</td>\n",
       "    </tr>\n",
       "    <tr>\n",
       "      <th>25%</th>\n",
       "      <td>17.025000</td>\n",
       "      <td>0.082045</td>\n",
       "      <td>35.190000</td>\n",
       "      <td>0.449000</td>\n",
       "      <td>5.885500</td>\n",
       "      <td>45.025000</td>\n",
       "      <td>2.270000</td>\n",
       "      <td>1.940000</td>\n",
       "      <td>2.232500</td>\n",
       "      <td>1.940000</td>\n",
       "      <td>19.800000</td>\n",
       "      <td>6.950000</td>\n",
       "      <td>6.659000</td>\n",
       "      <td>11.189800</td>\n",
       "      <td>28.000000</td>\n",
       "      <td>0.046464</td>\n",
       "    </tr>\n",
       "    <tr>\n",
       "      <th>50%</th>\n",
       "      <td>21.200000</td>\n",
       "      <td>0.256510</td>\n",
       "      <td>39.690000</td>\n",
       "      <td>0.538000</td>\n",
       "      <td>6.208500</td>\n",
       "      <td>77.500000</td>\n",
       "      <td>3.385000</td>\n",
       "      <td>3.010000</td>\n",
       "      <td>3.375000</td>\n",
       "      <td>3.070000</td>\n",
       "      <td>20.950000</td>\n",
       "      <td>11.360000</td>\n",
       "      <td>7.963000</td>\n",
       "      <td>12.720000</td>\n",
       "      <td>39.000000</td>\n",
       "      <td>0.053507</td>\n",
       "    </tr>\n",
       "    <tr>\n",
       "      <th>75%</th>\n",
       "      <td>25.000000</td>\n",
       "      <td>3.677083</td>\n",
       "      <td>48.100000</td>\n",
       "      <td>0.624000</td>\n",
       "      <td>6.623500</td>\n",
       "      <td>94.075000</td>\n",
       "      <td>5.367500</td>\n",
       "      <td>4.992500</td>\n",
       "      <td>5.407500</td>\n",
       "      <td>4.985000</td>\n",
       "      <td>22.600000</td>\n",
       "      <td>16.955000</td>\n",
       "      <td>9.076000</td>\n",
       "      <td>14.170800</td>\n",
       "      <td>50.000000</td>\n",
       "      <td>0.061397</td>\n",
       "    </tr>\n",
       "    <tr>\n",
       "      <th>max</th>\n",
       "      <td>50.000000</td>\n",
       "      <td>88.976200</td>\n",
       "      <td>57.740000</td>\n",
       "      <td>0.871000</td>\n",
       "      <td>8.780000</td>\n",
       "      <td>100.000000</td>\n",
       "      <td>12.320000</td>\n",
       "      <td>11.930000</td>\n",
       "      <td>12.320000</td>\n",
       "      <td>11.940000</td>\n",
       "      <td>27.400000</td>\n",
       "      <td>37.970000</td>\n",
       "      <td>10.876000</td>\n",
       "      <td>101.120000</td>\n",
       "      <td>60.000000</td>\n",
       "      <td>0.086711</td>\n",
       "    </tr>\n",
       "  </tbody>\n",
       "</table>\n",
       "</div>"
      ],
      "text/plain": [
       "            price  crime_rate  resid_area    air_qual    room_num         age  \\\n",
       "count  506.000000  506.000000  506.000000  506.000000  506.000000  506.000000   \n",
       "mean    22.528854    3.613524   41.136779    0.554695    6.284634   68.574901   \n",
       "std      9.182176    8.601545    6.860353    0.115878    0.702617   28.148861   \n",
       "min      5.000000    0.006320   30.460000    0.385000    3.561000    2.900000   \n",
       "25%     17.025000    0.082045   35.190000    0.449000    5.885500   45.025000   \n",
       "50%     21.200000    0.256510   39.690000    0.538000    6.208500   77.500000   \n",
       "75%     25.000000    3.677083   48.100000    0.624000    6.623500   94.075000   \n",
       "max     50.000000   88.976200   57.740000    0.871000    8.780000  100.000000   \n",
       "\n",
       "            dist1       dist2       dist3       dist4    teachers   poor_prop  \\\n",
       "count  506.000000  506.000000  506.000000  506.000000  506.000000  506.000000   \n",
       "mean     3.971996    3.628775    3.960672    3.618972   21.544466   12.653063   \n",
       "std      2.108532    2.108580    2.119797    2.099203    2.164946    7.141062   \n",
       "min      1.130000    0.920000    1.150000    0.730000   18.000000    1.730000   \n",
       "25%      2.270000    1.940000    2.232500    1.940000   19.800000    6.950000   \n",
       "50%      3.385000    3.010000    3.375000    3.070000   20.950000   11.360000   \n",
       "75%      5.367500    4.992500    5.407500    4.985000   22.600000   16.955000   \n",
       "max     12.320000   11.930000   12.320000   11.940000   27.400000   37.970000   \n",
       "\n",
       "       n_hos_beds  n_hot_rooms    rainfall       parks  \n",
       "count  506.000000   506.000000  506.000000  506.000000  \n",
       "mean     7.899767    13.041605   39.181818    0.054454  \n",
       "std      1.464939     5.238957   12.513697    0.010632  \n",
       "min      5.268000    10.057600    3.000000    0.033292  \n",
       "25%      6.659000    11.189800   28.000000    0.046464  \n",
       "50%      7.963000    12.720000   39.000000    0.053507  \n",
       "75%      9.076000    14.170800   50.000000    0.061397  \n",
       "max     10.876000   101.120000   60.000000    0.086711  "
      ]
     },
     "execution_count": 17,
     "metadata": {},
     "output_type": "execute_result"
    }
   ],
   "source": [
    "data.describe()"
   ]
  },
  {
   "cell_type": "code",
   "execution_count": 19,
   "metadata": {},
   "outputs": [],
   "source": [
    "lm=LinearRegression()"
   ]
  },
  {
   "cell_type": "code",
   "execution_count": 18,
   "metadata": {},
   "outputs": [],
   "source": [
    "x=data['room_num']"
   ]
  },
  {
   "cell_type": "code",
   "execution_count": 11,
   "metadata": {},
   "outputs": [],
   "source": [
    "y=data['price']"
   ]
  },
  {
   "cell_type": "code",
   "execution_count": 20,
   "metadata": {},
   "outputs": [
    {
     "ename": "ValueError",
     "evalue": "Expected 2D array, got 1D array instead:\narray=[6.575 6.421 7.185 6.998 7.147 6.43  6.012 6.172 5.631 6.004 6.377 6.009\n 5.889 5.949 6.096 5.834 5.935 5.99  5.456 5.727 5.57  5.965 6.142 5.813\n 5.924 5.599 5.813 6.047 6.495 6.674 5.713 6.072 5.95  5.701 6.096 5.933\n 5.841 5.85  5.966 6.595 7.024 6.77  6.169 6.211 6.069 5.682 5.786 6.03\n 5.399 5.602 5.963 6.115 6.511 5.998 5.888 7.249 6.383 6.816 6.145 5.927\n 5.741 5.966 6.456 6.762 7.104 6.29  5.787 5.878 5.594 5.885 6.417 5.961\n 6.065 6.245 6.273 6.286 6.279 6.14  6.232 5.874 6.727 6.619 6.302 6.167\n 6.389 6.63  6.015 6.121 7.007 7.079 6.417 6.405 6.442 6.211 6.249 6.625\n 6.163 8.069 7.82  7.416 6.727 6.781 6.405 6.137 6.167 5.851 5.836 6.127\n 6.474 6.229 6.195 6.715 5.913 6.092 6.254 5.928 6.176 6.021 5.872 5.731\n 5.87  6.004 5.961 5.856 5.879 5.986 5.613 5.693 6.431 5.637 6.458 6.326\n 6.372 5.822 5.757 6.335 5.942 6.454 5.857 6.151 6.174 5.019 5.403 5.468\n 4.903 6.13  5.628 4.926 5.186 5.597 6.122 5.404 5.012 5.709 6.129 6.152\n 5.272 6.943 6.066 6.51  6.25  7.489 7.802 8.375 5.854 6.101 7.929 5.877\n 6.319 6.402 5.875 5.88  5.572 6.416 5.859 6.546 6.02  6.315 6.86  6.98\n 7.765 6.144 7.155 6.563 5.604 6.153 7.831 6.782 6.556 7.185 6.951 6.739\n 7.178 6.8   6.604 7.875 7.287 7.107 7.274 6.975 7.135 6.162 7.61  7.853\n 8.034 5.891 6.326 5.783 6.064 5.344 5.96  5.404 5.807 6.375 5.412 6.182\n 5.888 6.642 5.951 6.373 6.951 6.164 6.879 6.618 8.266 8.725 8.04  7.163\n 7.686 6.552 5.981 7.412 8.337 8.247 6.726 6.086 6.631 7.358 6.481 6.606\n 6.897 6.095 6.358 6.393 5.593 5.605 6.108 6.226 6.433 6.718 6.487 6.438\n 6.957 8.259 6.108 5.876 7.454 8.704 7.333 6.842 7.203 7.52  8.398 7.327\n 7.206 5.56  7.014 8.297 7.47  5.92  5.856 6.24  6.538 7.691 6.758 6.854\n 7.267 6.826 6.482 6.812 7.82  6.968 7.645 7.923 7.088 6.453 6.23  6.209\n 6.315 6.565 6.861 7.148 6.63  6.127 6.009 6.678 6.549 5.79  6.345 7.041\n 6.871 6.59  6.495 6.982 7.236 6.616 7.42  6.849 6.635 5.972 4.973 6.122\n 6.023 6.266 6.567 5.705 5.914 5.782 6.382 6.113 6.426 6.376 6.041 5.708\n 6.415 6.431 6.312 6.083 5.868 6.333 6.144 5.706 6.031 6.316 6.31  6.037\n 5.869 5.895 6.059 5.985 5.968 7.241 6.54  6.696 6.874 6.014 5.898 6.516\n 6.635 6.939 6.49  6.579 5.884 6.728 5.663 5.936 6.212 6.395 6.127 6.112\n 6.398 6.251 5.362 5.803 8.78  3.561 4.963 3.863 4.97  6.683 7.016 6.216\n 5.875 4.906 4.138 7.313 6.649 6.794 6.38  6.223 6.968 6.545 5.536 5.52\n 4.368 5.277 4.652 5.    4.88  5.39  5.713 6.051 5.036 6.193 5.887 6.471\n 6.405 5.747 5.453 5.852 5.987 6.343 6.404 5.349 5.531 5.683 4.138 5.608\n 5.617 6.852 5.757 6.657 4.628 5.155 4.519 6.434 6.782 5.304 5.957 6.824\n 6.411 6.006 5.648 6.103 5.565 5.896 5.837 6.202 6.193 6.38  6.348 6.833\n 6.425 6.436 6.208 6.629 6.461 6.152 5.935 5.627 5.818 6.406 6.219 6.485\n 5.854 6.459 6.341 6.251 6.185 6.417 6.749 6.655 6.297 7.393 6.728 6.525\n 5.976 5.936 6.301 6.081 6.701 6.376 6.317 6.513 6.209 5.759 5.952 6.003\n 5.926 5.713 6.167 6.229 6.437 6.98  5.427 6.162 6.484 5.304 6.185 6.229\n 6.242 6.75  7.061 5.762 5.871 6.312 6.114 5.905 5.454 5.414 5.093 5.983\n 5.983 5.707 5.926 5.67  5.39  5.794 6.019 5.569 6.027 6.593 6.12  6.976\n 6.794 6.03 ].\nReshape your data either using array.reshape(-1, 1) if your data has a single feature or array.reshape(1, -1) if it contains a single sample.",
     "output_type": "error",
     "traceback": [
      "\u001b[0;31m---------------------------------------------------------------------------\u001b[0m",
      "\u001b[0;31mValueError\u001b[0m                                Traceback (most recent call last)",
      "Cell \u001b[0;32mIn[20], line 1\u001b[0m\n\u001b[0;32m----> 1\u001b[0m lm\u001b[39m.\u001b[39;49mfit(x,y)\n",
      "File \u001b[0;32m/Library/Frameworks/Python.framework/Versions/3.11/lib/python3.11/site-packages/sklearn/linear_model/_base.py:648\u001b[0m, in \u001b[0;36mLinearRegression.fit\u001b[0;34m(self, X, y, sample_weight)\u001b[0m\n\u001b[1;32m    644\u001b[0m n_jobs_ \u001b[39m=\u001b[39m \u001b[39mself\u001b[39m\u001b[39m.\u001b[39mn_jobs\n\u001b[1;32m    646\u001b[0m accept_sparse \u001b[39m=\u001b[39m \u001b[39mFalse\u001b[39;00m \u001b[39mif\u001b[39;00m \u001b[39mself\u001b[39m\u001b[39m.\u001b[39mpositive \u001b[39melse\u001b[39;00m [\u001b[39m\"\u001b[39m\u001b[39mcsr\u001b[39m\u001b[39m\"\u001b[39m, \u001b[39m\"\u001b[39m\u001b[39mcsc\u001b[39m\u001b[39m\"\u001b[39m, \u001b[39m\"\u001b[39m\u001b[39mcoo\u001b[39m\u001b[39m\"\u001b[39m]\n\u001b[0;32m--> 648\u001b[0m X, y \u001b[39m=\u001b[39m \u001b[39mself\u001b[39;49m\u001b[39m.\u001b[39;49m_validate_data(\n\u001b[1;32m    649\u001b[0m     X, y, accept_sparse\u001b[39m=\u001b[39;49maccept_sparse, y_numeric\u001b[39m=\u001b[39;49m\u001b[39mTrue\u001b[39;49;00m, multi_output\u001b[39m=\u001b[39;49m\u001b[39mTrue\u001b[39;49;00m\n\u001b[1;32m    650\u001b[0m )\n\u001b[1;32m    652\u001b[0m sample_weight \u001b[39m=\u001b[39m _check_sample_weight(\n\u001b[1;32m    653\u001b[0m     sample_weight, X, dtype\u001b[39m=\u001b[39mX\u001b[39m.\u001b[39mdtype, only_non_negative\u001b[39m=\u001b[39m\u001b[39mTrue\u001b[39;00m\n\u001b[1;32m    654\u001b[0m )\n\u001b[1;32m    656\u001b[0m X, y, X_offset, y_offset, X_scale \u001b[39m=\u001b[39m _preprocess_data(\n\u001b[1;32m    657\u001b[0m     X,\n\u001b[1;32m    658\u001b[0m     y,\n\u001b[0;32m   (...)\u001b[0m\n\u001b[1;32m    661\u001b[0m     sample_weight\u001b[39m=\u001b[39msample_weight,\n\u001b[1;32m    662\u001b[0m )\n",
